timestamp,distance,speed,global_time
0,0.0,0.0,0.1
0,0.0,0.0,0.11
0,0.0,0.0,0.11
0,0.0,0.0,0.11
0,0.0,0.0,0.11
0,0.0,0.0,0.13
0,0.0,0.0,0.15
0,0.0,0.0,0.17
0,0.0,0.0,0.19
0,0.0,0.0,0.2
0,0.0,0.0,0.22
0,0.0,0.0,0.24
0,0.0,0.0,0.25
0,0.0,0.0,0.27
0,0.0,0.0,0.29
0,0.0,0.0,0.3
0,0.0,0.0,0.32
0,0.0,0.0,0.34
0,0.0,0.0,0.35
0,0.0,0.0,0.37
0,0.0,0.0,0.39
0,0.0,0.0,0.4
0,0.0,0.0,0.42
0,0.0,0.0,0.43
0,0.0,0.0,0.45
0,0.0,0.0,0.47
0,0.0,0.0,0.49
0,0.0,0.0,0.5
0,0.0,0.0,0.52
0,0.0,0.0,0.54
0,0.0,0.0,0.55
0,0.0,0.0,0.57
0,0.0,0.0,0.59
0,0.0,0.0,0.6
0,0.0,0.0,0.62
0,0.0,0.0,0.63
0,0.0,0.0,0.65
0,0.0,0.0,0.67
0,0.0,0.0,0.69
0,0.0,0.0,0.7
0,0.0,0.0,0.71
0,0.0,0.0,0.74
0,0.0,0.0,0.75
0,0.0,0.0,0.76
0,0.0,0.0,0.79
0,0.0,0.0,0.8
0,0.0,0.0,0.82
0,0.0,0.0,0.84
0,0.0,0.0,0.85
0,0.0,0.0,0.87
0,0.0,0.0,0.89
0,0.0,0.0,0.9
0,0.0,0.0,0.92
0,0.0,0.0,0.94
0,0.0,0.0,0.95
0,0.0,0.0,0.97
0,0.0,0.0,0.99
0,0.0,0.0,1.0
0,0.0,0.0,1.01
0,0.0,0.0,1.04
0,0.0,0.0,1.05
0,0.0,0.0,1.06
0,0.0,0.0,1.09
0,0.0,0.0,1.1
0,0.0,0.0,1.12
0,0.0,0.0,1.13
0,0.0,0.0,1.15
0,0.0,0.0,1.16
0,0.0,0.0,1.19
0,0.0,0.0,1.2
0,0.0,0.0,1.22
0,0.0,0.0,1.24
0,0.0,0.0,1.25
0,0.0,0.0,1.27
0,0.0,0.0,1.29
0,0.0,0.0,1.3
0,0.0,0.0,1.32
0,0.0,0.0,1.34
0,0.0,0.0,1.35
0,0.0,0.0,1.37
0,0.0,0.0,1.39
0,0.0,0.0,1.4
0,0.0,0.0,1.42
0,0.0,0.0,1.43
0,0.0,0.0,1.45
0,0.0,0.0,1.47
0,0.0,0.0,1.49
0,0.0,0.0,1.5
0,0.0,0.0,1.51
0,0.0,0.0,1.53
0,0.0,0.0,1.55
0,0.0,0.0,1.56
0,0.0,0.0,1.59
0,0.0,0.0,1.6
0,0.0,0.0,1.62
0,0.0,0.0,1.64
0,0.0,0.0,1.65
0,0.0,0.0,1.67
0,0.0,0.0,1.69
0,0.0,0.0,1.7
0,0.0,0.0,1.72
0,0.0,0.0,1.75
0,0.0,0.0,1.75
0,0.0,0.0,1.77
0,0.0,0.0,1.78
0,0.0,0.0,1.8
0,0.0,0.0,1.82
0,0.0,0.0,1.83
0,0.0,0.0,1.85
0,0.0,0.0,1.86
0,0.0,0.0,1.89
0,0.0,0.0,1.9
0,0.0,0.0,1.92
0,0.0,0.0,1.94
0,0.0,0.0,1.95
0,0.0,0.0,1.97
0,0.0,0.0,1.99
0,0.0,0.0,2.0
0,0.0,0.0,2.02
0,0.0,0.0,2.04
0,0.0,0.0,2.05
0,0.0,0.0,2.07
0,0.0,0.0,2.09
0,0.0,0.0,2.1
0,0.0,0.0,2.12
0,0.0,0.0,2.14
0,0.0,0.0,2.15
0,0.0,0.0,2.17
0,0.0,0.0,2.19
0,0.0,0.0,2.2
0,0.0,0.0,2.22
0,0.0,0.0,2.24
0,0.0,0.0,2.25
0,0.0,0.0,2.27
0,0.0,0.0,2.29
0,0.0,0.0,2.3
0,0.0,0.0,2.32
0,0.0,0.0,2.34
0,0.0,0.0,2.35
0,0.0,0.0,2.37
0,0.0,0.0,2.39
0,0.0,0.0,2.4
0,0.0,0.0,2.42
0,0.0,0.0,2.43
0,0.0,0.0,2.45
0,0.0,0.0,2.47
0,0.0,0.0,2.49
0,0.0,0.0,2.5
0,0.0,0.0,2.52
0,0.0,0.0,2.53
0,0.0,0.0,2.55
0,0.0,0.0,2.57
0,0.0,0.0,2.59
0,0.0,0.0,2.6
0,0.0,0.0,2.61
0,0.0,0.0,2.64
0,0.0,0.0,2.65
0,0.0,0.0,2.67
0,0.0,0.0,2.69
0,0.0,0.0,2.7
0,0.0,0.0,2.72
0,0.0,0.0,2.74
0,0.0,0.0,2.76
0,0.0,0.0,2.76
0,0.0,0.0,2.78
0,0.0,0.0,2.8
0,0.0,0.0,2.82
0,0.0,0.0,2.83
0,0.0,0.0,2.85
0,0.0,0.0,2.86
0,0.0,0.0,2.88
0,0.0,0.0,2.9
0,0.0,0.0,2.92
0,0.0,0.0,2.94
0,0.0,0.0,2.95
0,0.0,0.0,2.97
0,0.0,0.0,2.98
0,0.0,0.0,3.0
0,0.0,0.0,3.01
0,0.0,0.0,3.03
0,0.0,0.0,3.05
0,0.0,0.0,3.07
0,0.0,0.0,3.09
0,0.0,0.0,3.1
0,0.0,0.0,3.12
0,0.0,0.0,3.13
0,0.0,0.0,3.15
0,0.0,0.0,3.17
0,0.0,0.0,3.19
0,0.0,0.0,3.2
0,0.0,0.0,3.22
0,0.0,0.0,3.24
0,0.0,0.0,3.25
0,0.0,0.0,3.27
0,0.0,0.0,3.28
0,0.0,0.0,3.3
0,0.0,0.0,3.32
0,0.0,0.0,3.34
0,0.0,0.0,3.35
0,0.0,0.0,3.36
0,0.0,0.0,3.38
0,0.0,0.0,3.4
0,0.0,0.0,3.41
0,0.0,0.0,3.43
0,0.0,0.0,3.45
0,0.0,0.0,3.47
0,0.0,0.0,3.49
0,0.0,0.0,3.5
0,0.0,0.0,3.52
0,0.0,0.0,3.54
0,0.0,0.0,3.55
0,0.0,0.0,3.57
0,0.0,0.0,3.59
0,0.0,0.0,3.6
0,0.0,0.0,3.61
0,0.0,0.0,3.63
0,0.0,0.0,3.65
0,0.0,0.0,3.67
0,0.0,0.0,3.69
0,0.0,0.0,3.7
0,0.0,0.0,3.71
0,0.0,0.0,3.73
0,0.0,0.0,3.77
0,0.0,0.0,3.77
0,0.0,0.0,3.79
0,0.0,0.0,3.8
0,0.0,0.0,3.82
0,0.0,0.0,3.84
0,0.0,0.0,3.85
0,0.0,0.0,3.87
0,0.0,0.0,3.89
0,0.0,0.0,3.9
0,0.0,0.0,3.92
0,0.0,0.0,3.93
0,0.0,0.0,3.95
0,0.0,0.0,3.96
0,0.0,0.0,3.99
0,0.0,0.0,4.0
0,0.0,0.0,4.01
0,0.0,0.0,4.04
0,0.0,0.0,4.05
0,0.0,0.0,4.07
0,0.0,0.0,4.09
0,0.0,0.0,4.1
0,0.0,0.0,4.12
0,0.0,0.0,4.13
0,0.0,0.0,4.15
0,0.0,0.0,4.17
0,0.0,0.0,4.19
0,0.0,0.0,4.2
0,0.0,0.0,4.21
0,0.0,0.0,4.24
0,0.0,0.0,4.25
0,0.0,0.0,4.26
0,0.0,0.0,4.28
0,0.0,0.0,4.3
0,0.0,0.0,4.32
0,0.0,0.0,4.33
0,0.0,0.0,4.35
0,0.0,0.0,4.37
0,0.0,0.0,4.39
0,0.0,0.0,4.4
0,0.0,0.0,4.42
0,0.0,0.0,4.44
0,0.0,0.0,4.45
0,0.0,0.0,4.47
0,0.0,0.0,4.48
0,0.0,0.0,4.5
0,0.0,0.0,4.52
0,0.0,0.0,4.53
0,0.0,0.0,4.55
0,0.0,0.0,4.56
0,0.0,0.0,4.59
0,0.0,0.0,4.6
0,0.0,0.0,4.62
0,0.0,0.0,4.63
0,0.0,0.0,4.65
0,0.0,0.0,4.67
0,0.0,0.0,4.69
0,0.0,0.0,4.7
0,0.0,0.0,4.72
0,0.0,0.0,4.73
0,0.0,0.0,4.76
0,0.0,0.0,4.76
0,0.0,0.0,4.78
0,0.0,0.0,4.8
0,0.0,0.0,4.82
0,0.0,0.0,4.83
0,0.0,0.0,4.85
0,0.0,0.0,4.86
0,0.0,0.0,4.88
0,0.0,0.0,4.9
0,0.0,0.0,4.91
0,0.0,0.0,4.94
0,0.0,0.0,4.95
0,0.0,0.0,4.97
0,0.0,0.0,4.99
0,0.0,0.0,5.0
0,0.0,0.0,5.02
0,0.0,0.0,5.03
0,0.0,0.0,5.05
0,0.0,0.0,5.07
0,0.0,0.0,5.08
0,0.0,0.0,5.1
0,0.0,0.0,5.12
0,0.0,0.0,5.14
0,0.0,0.0,5.15
0,0.0,0.0,5.16
0,0.0,0.0,5.19
0,0.0,0.0,5.2
0,0.0,0.0,5.22
0,0.0,0.0,5.24
0,0.0,0.0,5.25
0,0.0,0.0,5.27
0,0.0,0.0,5.28
0,0.0,0.0,5.3
0,0.0,0.0,5.32
0,0.0,0.0,5.34
0,0.0,0.0,5.35
0,0.0,0.0,5.37
0,0.0,0.0,5.38
0,0.0,0.0,5.4
0,0.0,0.0,5.42
0,0.0,0.0,5.43
0,0.0,0.0,5.45
0,0.0,0.0,5.47
0,0.0,0.0,5.48
0,0.0,0.0,5.5
0,0.0,0.0,5.52
0,0.0,0.0,5.54
0,0.0,0.0,5.55
0,0.0,0.0,5.57
0,0.0,0.0,5.59
0,0.0,0.0,5.6
0,0.0,0.0,5.62
0,0.0,0.0,5.63
0,0.0,0.0,5.65
0,0.0,0.0,5.67
0,0.0,0.0,5.68
0,0.0,0.0,5.7
0,0.0,0.0,5.71
0,0.0,0.0,5.73
0,0.0,0.0,5.75
0,0.0,0.0,5.78
0,0.0,0.0,5.78
0,0.0,0.0,5.8
0,0.0,0.0,5.82
0,0.0,0.0,5.84
0,0.0,0.0,5.85
0,0.0,0.0,5.87
0,0.0,0.0,5.89
0,0.0,0.0,5.9
0,0.0,0.0,5.92
0,0.0,0.0,5.93
0,0.0,0.0,5.95
0,0.0,0.0,5.97
0,0.0,0.0,5.98
0,0.0,0.0,6.0
0,0.0,0.0,6.01
0,0.0,0.0,6.03
0,0.0,0.0,6.05
0,0.0,0.0,6.07
0,0.0,0.0,6.09
0,0.0,0.0,6.1
0,0.0,0.0,6.12
0,0.0,0.0,6.14
0,0.0,0.0,6.15
0,0.0,0.0,6.17
0,0.0,0.0,6.18
0,0.0,0.0,6.2
0,0.0,0.0,6.22
0,0.0,0.0,6.23
0,0.0,0.0,6.25
0,0.0,0.0,6.26
0,0.0,0.0,6.28
0,0.0,0.0,6.3
0,0.0,0.0,6.32
0,0.0,0.0,6.33
0,0.0,0.0,6.35
0,0.0,0.0,6.37
0,0.0,0.0,6.39
0,0.0,0.0,6.4
0,0.0,0.0,6.42
0,0.0,0.0,6.43
0,0.0,0.0,6.45
0,0.0,0.0,6.47
0,0.0,0.0,6.48
0,0.0,0.0,6.5
0,0.0,0.0,6.52
0,0.0,0.0,6.54
0,0.0,0.0,6.55
0,0.0,0.0,6.56
0,0.0,0.0,6.58
0,0.0,0.0,6.6
0,0.0,0.0,6.62
0,0.0,0.0,6.63
0,0.0,0.0,6.65
0,0.0,0.0,6.67
0,0.0,0.0,6.69
0,0.0,0.0,6.7
0,0.0,0.0,6.72
0,0.0,0.0,6.73
0,0.0,0.0,6.75
0,0.0,0.0,6.77
0,0.0,0.0,6.8
0,0.0,0.0,6.8
0,0.0,0.0,6.81
0,0.0,0.0,6.83
0,0.0,0.0,6.85
0,0.0,0.0,6.86
0,0.0,0.0,6.88
0,0.0,0.0,6.9
0,0.0,0.0,6.92
0,0.0,0.0,6.94
0,0.0,0.0,6.95
0,0.0,0.0,6.97
0,0.0,0.0,6.99
0,0.0,0.0,7.0
0,0.0,0.0,7.02
0,0.0,0.0,7.03
0,0.0,0.0,7.05
0,0.0,0.0,7.07
0,0.0,0.0,7.08
0,0.0,0.0,7.1
0,0.0,0.0,7.11
0,0.0,0.0,7.13
0,0.0,0.0,7.15
0,0.0,0.0,7.17
0,0.0,0.0,7.18
0,0.0,0.0,7.2
0,0.0,0.0,7.22
0,0.0,0.0,7.24
0,0.0,0.0,7.25
0,0.0,0.0,7.27
0,0.0,0.0,7.29
0,0.0,0.0,7.3
0,0.0,0.0,7.32
0,0.0,0.0,7.33
0,0.0,0.0,7.35
0,0.0,0.0,7.36
0,0.0,0.0,7.38
0,0.0,0.0,7.4
0,0.0,0.0,7.42
0,0.0,0.0,7.43
0,0.0,0.0,7.45
0,0.0,0.0,7.47
0,0.0,0.0,7.49
0,0.0,0.0,7.5
0,0.0,0.0,7.52
0,0.0,0.0,7.53
0,0.0,0.0,7.55
0,0.0,0.0,7.57
0,0.0,0.0,7.58
0,0.0,0.0,7.6
0,0.0,0.0,7.62
0,0.0,0.0,7.64
0,0.0,0.0,7.65
0,0.0,0.0,7.66
0,0.0,0.0,7.68
0,0.0,0.0,7.7
0,0.0,0.0,7.72
0,0.0,0.0,7.73
0,0.0,0.0,7.75
0,0.0,0.0,7.77
0,0.0,0.0,7.8
0,0.0,0.0,7.8
0,0.0,0.0,7.82
0,0.0,0.0,7.83
0,0.0,0.0,7.85
0,0.0,0.0,7.87
0,0.0,0.0,7.89
0,0.0,0.0,7.9
0,0.0,0.0,7.92
0,0.0,0.0,7.93
0,0.0,0.0,7.95
0,0.0,0.0,7.97
0,0.0,0.0,7.98
0,0.0,0.0,8.0
0,0.0,0.0,8.02
0,0.0,0.0,8.04
0,0.0,0.0,8.05
0,0.0,0.0,8.07
0,0.0,0.0,8.09
0,0.0,0.0,8.1
0,0.0,0.0,8.12
0,0.0,0.0,8.13
0,0.0,0.0,8.15
0,0.0,0.0,8.16
0,0.0,0.0,8.19
0,0.0,0.0,8.2
0,0.0,0.0,8.22
0,0.0,0.0,8.24
0,0.0,0.0,8.25
0,0.0,0.0,8.27
0,0.0,0.0,8.28
0,0.0,0.0,8.3
0,0.0,0.0,8.32
0,0.0,0.0,8.34
0,0.0,0.0,8.35
0,0.0,0.0,8.37
0,0.0,0.0,8.39
0,0.0,0.0,8.4
0,0.0,0.0,8.42
0,0.0,0.0,8.43
0,0.0,0.0,8.45
0,0.0,0.0,8.47
0,0.0,0.0,8.48
0,0.0,0.0,8.5
0,0.0,0.0,8.52
0,0.0,0.0,8.54
0,0.0,0.0,8.55
0,0.0,0.0,8.56
0,0.0,0.0,8.58
0,0.0,0.0,8.6
0,0.0,0.0,8.62
0,0.0,0.0,8.64
0,0.0,0.0,8.65
0,0.0,0.0,8.67
0,0.0,0.0,8.68
0,0.0,0.0,8.7
0,0.0,0.0,8.72
0,0.0,0.0,8.73
0,0.0,0.0,8.75
0,0.0,0.0,8.76
0,0.0,0.0,8.78
0,0.0,0.0,8.82
0,0.0,0.0,8.82
0,0.0,0.0,8.83
0,0.0,0.0,8.85
0,0.0,0.0,8.86
0,0.0,0.0,8.89
0,0.0,0.0,8.9
0,0.0,0.0,8.92
0,0.0,0.0,8.94
0,0.0,0.0,8.95
0,0.0,0.0,8.97
0,0.0,0.0,8.98
0,0.0,0.0,9.0
0,0.0,0.0,9.02
0,0.0,0.0,9.04
0,0.0,0.0,9.05
0,0.0,0.0,9.07
0,0.0,0.0,9.08
0,0.0,0.0,9.1
0,0.0,0.0,9.11
0,0.0,0.0,9.13
0,0.0,0.0,9.15
0,0.0,0.0,9.17
0,0.0,0.0,9.18
0,0.0,0.0,9.2
0,0.0,0.0,9.22
0,0.0,0.0,9.24
0,0.0,0.0,9.25
0,0.0,0.0,9.27
0,0.0,0.0,9.29
0,0.0,0.0,9.3
0,0.0,0.0,9.32
0,0.0,0.0,9.33
0,0.0,0.0,9.35
0,0.0,0.0,9.37
0,0.0,0.0,9.39
0,0.0,0.0,9.4
0,0.0,0.0,9.41
0,0.0,0.0,9.43
0,0.0,0.0,9.45
0,0.0,0.0,9.47
0,0.0,0.0,9.49
0,0.0,0.0,9.5
0,0.0,0.0,9.52
0,0.0,0.0,9.54
0,0.0,0.0,9.55
0,0.0,0.0,9.57
0,0.0,0.0,9.58
0,0.0,0.0,9.6
0,0.0,0.0,9.62
0,0.0,0.0,9.64
0,0.0,0.0,9.65
0,0.0,0.0,9.66
0,0.0,0.0,9.69
0,0.0,0.0,9.7
0,0.0,0.0,9.71
0,0.0,0.0,9.73
0,0.0,0.0,9.75
0,0.0,0.0,9.77
0,0.0,0.0,9.79
0,0.0,0.0,9.8
0,0.0,0.0,9.83
0,0.0,0.0,9.83
0,0.0,0.0,9.85
0,0.0,0.0,9.86
0,0.0,0.0,9.88
0,0.0,0.0,9.9
0,0.0,0.0,9.92
0,0.0,0.0,9.94
0,0.0,0.0,9.95
0,0.0,0.0,9.97
0,0.0,0.0,9.98
0,0.0,0.0,10.0
0,0.0,0.0,10.01
0,0.0,0.0,10.04
0,0.0,0.0,10.05
0,0.0,0.0,10.07
0,0.0,0.0,10.09
0,0.0,0.0,10.1
0,0.0,0.0,10.12
0,0.0,0.0,10.14
0,0.0,0.0,10.15
0,0.0,0.0,10.17
0,0.0,0.0,10.18
0,0.0,0.0,10.2
0,0.0,0.0,10.21
0,0.0,0.0,10.23
0,0.0,0.0,10.25
0,0.0,0.0,10.27
0,0.0,0.0,10.28
0,0.0,0.0,10.3
0,0.0,0.0,10.32
0,0.0,0.0,10.34
0,0.0,0.0,10.35
0,0.0,0.0,10.37
0,0.0,0.0,10.39
0,0.0,0.0,10.4
0,0.0,0.0,10.42
0,0.0,0.0,10.43
0,0.0,0.0,10.45
0,0.0,0.0,10.47
0,0.0,0.0,10.49
0,0.0,0.0,10.5
0,0.0,0.0,10.51
0,0.0,0.0,10.53
0,0.0,0.0,10.55
0,0.0,0.0,10.57
0,0.0,0.0,10.58
0,0.0,0.0,10.6
0,0.0,0.0,10.62
0,0.0,0.0,10.64
0,0.0,0.0,10.65
0,0.0,0.0,10.67
0,0.0,0.0,10.68
0,0.0,0.0,10.7
0,0.0,0.0,10.72
0,0.0,0.0,10.73
0,0.0,0.0,10.75
0,0.0,0.0,10.76
0,0.0,0.0,10.78
0,0.0,0.0,10.8
0,0.0,0.0,10.81
0,0.0,0.0,10.85
0,0.0,0.0,10.85
0,0.0,0.0,10.87
0,0.0,0.0,10.89
0,0.0,0.0,10.9
0,0.0,0.0,10.92
0,0.0,0.0,10.94
0,0.0,0.0,10.95
0,0.0,0.0,10.97
0,0.0,0.0,10.98
0,0.0,0.0,11.0
0,0.0,0.0,11.02
0,0.0,0.0,11.04
0,0.0,0.0,11.05
0,0.0,0.0,11.06
0,0.0,0.0,11.08
0,0.0,0.0,11.1
0,0.0,0.0,11.12
0,0.0,0.0,11.14
0,0.0,0.0,11.15
0,0.0,0.0,11.16
0,0.0,0.0,11.19
0,0.0,0.0,11.2
0,0.0,0.0,11.22
0,0.0,0.0,11.24
0,0.0,0.0,11.25
0,0.0,0.0,11.27
0,0.0,0.0,11.29
0,0.0,0.0,11.3
0,0.0,0.0,11.32
0,0.0,0.0,11.33
0,0.0,0.0,11.35
0,0.0,0.0,11.37
0,0.0,0.0,11.38
0,0.0,0.0,11.4
0,0.0,0.0,11.42
0,0.0,0.0,11.44
0,0.0,0.0,11.45
0,0.0,0.0,11.46
0,0.0,0.0,11.48
0,0.0,0.0,11.5
0,0.0,0.0,11.52
0,0.0,0.0,11.54
0,0.0,0.0,11.55
0,0.0,0.0,11.57
0,0.0,0.0,11.58
0,0.0,0.0,11.6
0,0.0,0.0,11.62
0,0.0,0.0,11.64
0,0.0,0.0,11.65
0,0.0,0.0,11.67
0,0.0,0.0,11.68
0,0.0,0.0,11.7
0,0.0,0.0,11.72
0,0.0,0.0,11.73
0,0.0,0.0,11.75
0,0.0,0.0,11.76
0,0.0,0.0,11.78
0,0.0,0.0,11.8
0,0.0,0.0,11.82
0,0.0,0.0,11.85
0,0.0,0.0,11.85
0,0.0,0.0,11.87
0,0.0,0.0,11.88
0,0.0,0.0,11.9
0,0.0,0.0,11.92
0,0.0,0.0,11.93
0,0.0,0.0,11.95
0,0.0,0.0,11.96
0,0.0,0.0,11.98
0,0.0,0.0,12.0
0,0.0,0.0,12.01
0,0.0,0.0,12.03
0,0.0,0.0,12.05
0,0.0,0.0,12.07
0,0.0,0.0,12.08
0,0.0,0.0,12.1
0,0.0,0.0,12.12
0,0.0,0.0,12.14
0,0.0,0.0,12.15
0,0.0,0.0,12.17
0,0.0,0.0,12.18
0,0.0,0.0,12.2
0,0.0,0.0,12.22
0,0.0,0.0,12.23
0,0.0,0.0,12.25
0,0.0,0.0,12.27
0,0.0,0.0,12.28
0,0.0,0.0,12.3
0,0.0,0.0,12.31
0,0.0,0.0,12.34
0,0.0,0.0,12.35
0,0.0,0.0,12.36
0,0.0,0.0,12.39
0,0.0,0.0,12.4
0,0.0,0.0,12.42
0,0.0,0.0,12.44
0,0.0,0.0,12.45
0,0.0,0.0,12.47
0,0.0,0.0,12.49
0,0.0,0.0,12.5
0,0.0,0.0,12.52
0,0.0,0.0,12.53
0,0.0,0.0,12.55
0,0.0,0.0,12.57
0,0.0,0.0,12.59
0,0.0,0.0,12.6
0,0.0,0.0,12.61
0,0.0,0.0,12.63
0,0.0,0.0,12.65
0,0.0,0.0,12.67
0,0.0,0.0,12.69
0,0.0,0.0,12.7
0,0.0,0.0,12.72
0,0.0,0.0,12.74
0,0.0,0.0,12.75
0,0.0,0.0,12.77
0,0.0,0.0,12.78
0,0.0,0.0,12.8
0,0.0,0.0,12.82
0,0.0,0.0,12.85
0,0.0,0.0,12.85
0,0.0,0.0,12.87
0,0.0,0.0,12.89
0,0.0,0.0,12.9
0,0.0,0.0,12.91
0,0.0,0.0,12.93
0,0.0,0.0,12.95
0,0.0,0.0,12.97
0,0.0,0.0,12.99
0,0.0,0.0,13.0
0,0.0,0.0,13.02
0,0.0,0.0,13.03
0,0.0,0.0,13.05
0,0.0,0.0,13.07
0,0.0,0.0,13.08
0,0.0,0.0,13.1
0,0.0,0.0,13.11
0,0.0,0.0,13.13
0,0.0,0.0,13.15
0,0.0,0.0,13.17
0,0.0,0.0,13.18
0,0.0,0.0,13.2
0,0.0,0.0,13.21
0,0.0,0.0,13.24
0,0.0,0.0,13.25
0,0.0,0.0,13.27
0,0.0,0.0,13.28
0,0.0,0.0,13.3
0,0.0,0.0,13.32
0,0.0,0.0,13.34
0,0.0,0.0,13.35
0,0.0,0.0,13.36
0,0.0,0.0,13.38
0,0.0,0.0,13.4
0,0.0,0.0,13.41
0,0.0,0.0,13.43
0,0.0,0.0,13.45
0,0.0,0.0,13.46
0,0.0,0.0,13.48
0,0.0,0.0,13.5
0,0.0,0.0,13.52
0,0.0,0.0,13.54
0,0.0,0.0,13.55
0,0.0,0.0,13.57
0,0.0,0.0,13.59
0,0.0,0.0,13.6
0,0.0,0.0,13.62
0,0.0,0.0,13.63
0,0.0,0.0,13.65
0,0.0,0.0,13.66
0,0.0,0.0,13.69
0,0.0,0.0,13.7
0,0.0,0.0,13.71
0,0.0,0.0,13.73
0,0.0,0.0,13.75
0,0.0,0.0,13.77
0,0.0,0.0,13.79
0,0.0,0.0,13.8
0,0.0,0.0,13.81
0,0.0,0.0,13.84
0,0.0,0.0,13.87
0,0.0,0.0,13.87
0,0.0,0.0,13.89
0,0.0,0.0,13.9
0,0.0,0.0,13.92
0,0.0,0.0,13.93
0,0.0,0.0,13.95
0,0.0,0.0,13.96
0,0.0,0.0,13.98
0,0.0,0.0,14.0
0,0.0,0.0,14.01
0,0.0,0.0,14.03
0,0.0,0.0,14.05
0,0.0,0.0,14.07
0,0.0,0.0,14.08
0,0.0,0.0,14.1
0,0.0,0.0,14.12
0,0.0,0.0,14.14
0,0.0,0.0,14.15
0,0.0,0.0,14.17
0,0.0,0.0,14.19
0,0.0,0.0,14.2
0,0.0,0.0,14.22
0,0.0,0.0,14.23
0,0.0,0.0,14.25
0,0.0,0.0,14.27
0,0.0,0.0,14.29
0,0.0,0.0,14.3
0,0.0,0.0,14.32
0,0.0,0.0,14.33
0,0.0,0.0,14.35
0,0.0,0.0,14.37
0,0.0,0.0,14.39
0,0.0,0.0,14.4
0,0.0,0.0,14.41
0,0.0,0.0,14.44
0,0.0,0.0,14.45
0,0.0,0.0,14.47
0,0.0,0.0,14.48
0,0.0,0.0,14.5
0,0.0,0.0,14.52
0,0.0,0.0,14.54
0,0.0,0.0,14.55
0,0.0,0.0,14.56
0,0.0,0.0,14.58
0,0.0,0.0,14.6
0,0.0,0.0,14.61
0,0.0,0.0,14.63
0,0.0,0.0,14.65
0,0.0,0.0,14.67
0,0.0,0.0,14.69
0,0.0,0.0,14.7
0,0.0,0.0,14.72
0,0.0,0.0,14.74
0,0.0,0.0,14.75
0,0.0,0.0,14.77
0,0.0,0.0,14.78
0,0.0,0.0,14.8
0,0.0,0.0,14.82
0,0.0,0.0,14.84
0,0.0,0.0,14.85
0,0.0,0.0,14.88
0,0.0,0.0,14.88
0,0.0,0.0,14.9
0,0.0,0.0,14.92
0,0.0,0.0,14.94
0,0.0,0.0,14.95
0,0.0,0.0,14.96
0,0.0,0.0,14.98
0,0.0,0.0,15.0
0,0.0,0.0,15.02
0,0.0,0.0,15.04
0,0.0,0.0,15.05
0,0.0,0.0,15.07
0,0.0,0.0,15.09
0,0.0,0.0,15.1
0,0.0,0.0,15.12
0,0.0,0.0,15.14
0,0.0,0.0,15.15
0,0.0,0.0,15.16
0,0.0,0.0,15.19
0,0.0,0.0,15.2
0,0.0,0.0,15.22
0,0.0,0.0,15.23
0,0.0,0.0,15.25
0,0.0,0.0,15.27
0,0.0,0.0,15.28
0,0.0,0.0,15.3
0,0.0,0.0,15.32
0,0.0,0.0,15.34
0,0.0,0.0,15.35
0,0.0,0.0,15.37
0,0.0,0.0,15.38
0,0.0,0.0,15.4
0,0.0,0.0,15.42
0,0.0,0.0,15.43
0,0.0,0.0,15.45
0,0.0,0.0,15.46
0,0.0,0.0,15.48
0,0.0,0.0,15.5
0,0.0,0.0,15.52
0,0.0,0.0,15.53
0,0.0,0.0,15.55
0,0.0,0.0,15.56
0,0.0,0.0,15.58
0,0.0,0.0,15.6
0,0.0,0.0,15.62
0,0.0,0.0,15.64
0,0.0,0.0,15.65
0,0.0,0.0,15.67
0,0.0,0.0,15.69
0,0.0,0.0,15.7
0,0.0,0.0,15.72
0,0.0,0.0,15.74
0,0.0,0.0,15.75
0,0.0,0.0,15.77
0,0.0,0.0,15.78
0,0.0,0.0,15.8
0,0.0,0.0,15.82
0,0.0,0.0,15.83
0,0.0,0.0,15.85
0,0.0,0.0,15.88
0,0.0,0.0,15.89
0,0.0,0.0,15.9
0,0.0,0.0,15.92
0,0.0,0.0,15.94
0,0.0,0.0,15.95
0,0.0,0.0,15.97
0,0.0,0.0,15.98
0,0.0,0.0,16.0
0,0.0,0.0,16.01
0,0.0,0.0,16.03
0,0.0,0.0,16.05
0,0.0,0.0,16.07
0,0.0,0.0,16.08
0,0.0,0.0,16.1
0,0.0,0.0,16.11
0,0.0,0.0,16.14
0,0.0,0.0,16.15
0,0.0,0.0,16.16
0,0.0,0.0,16.19
0,0.0,0.0,16.2
0,0.0,0.0,16.22
0,0.0,0.0,16.24
0,0.0,0.0,16.25
0,0.0,0.0,16.27
0,0.0,0.0,16.29
0,0.0,0.0,16.3
0,0.0,0.0,16.32
0,0.0,0.0,16.33
0,0.0,0.0,16.35
0,0.0,0.0,16.37
0,0.0,0.0,16.39
0,0.0,0.0,16.4
0,0.0,0.0,16.42
0,0.0,0.0,16.43
0,0.0,0.0,16.45
0,0.0,0.0,16.47
0,0.0,0.0,16.49
0,0.0,0.0,16.5
0,0.0,0.0,16.52
0,0.0,0.0,16.53
0,0.0,0.0,16.55
0,0.0,0.0,16.57
0,0.0,0.0,16.58
0,0.0,0.0,16.6
0,0.0,0.0,16.61
0,0.0,0.0,16.63
0,0.0,0.0,16.65
0,0.0,0.0,16.67
0,0.0,0.0,16.68
0,0.0,0.0,16.7
0,0.0,0.0,16.72
0,0.0,0.0,16.74
0,0.0,0.0,16.75
0,0.0,0.0,16.76
0,0.0,0.0,16.79
0,0.0,0.0,16.8
0,0.0,0.0,16.82
0,0.0,0.0,16.84
0,0.0,0.0,16.85
0,0.0,0.0,16.88
0,0.0,0.0,16.88
